0.0 0.205795303574
0.010101010101 0.140212224971
0.020202020202 -0.0239039470851
0.030303030303 0.293455965476
0.040404040404 0.686623122818
0.0505050505051 0.254854744741
0.0606060606061 0.195109815413
0.0707070707071 0.485451147095
0.0808080808081 0.36953638542
0.0909090909091 0.980082119624
0.10101010101 0.249359696861
0.111111111111 0.872226971433
0.121212121212 0.695479612075
0.131313131313 0.70132244765
0.141414141414 0.32822889893
0.151515151515 0.649345751754
0.161616161616 0.471268524162
0.171717171717 0.934084031341
0.181818181818 1.11166781131
0.191919191919 1.07826193609
0.20202020202 1.07573634395
0.212121212121 0.72010891505
0.222222222222 0.870359440154
0.232323232323 1.22451254518
0.242424242424 0.905824154109
0.252525252525 0.987966628798
0.262626262626 1.2756139145
0.272727272727 0.779867318493
0.282828282828 0.881077463755
0.292929292929 1.3026083578
0.30303030303 0.491380077137
0.313131313131 0.83092856735
0.323232323232 0.675781237722
0.333333333333 0.684616278758
0.343434343434 0.461725812977
0.353535353535 0.707754927617
0.363636363636 0.60941563502
0.373737373737 0.767142063849
0.383838383838 0.541905446299
0.393939393939 0.437392966361
0.40404040404 0.836130657744
0.414141414141 0.0520942547868
0.424242424242 0.453475097064
0.434343434343 0.326139811523
0.444444444444 0.440406109191
0.454545454545 0.393930953469
0.464646464646 0.339249673686
0.474747474747 0.226675400335
0.484848484848 0.212793730912
0.494949494949 0.419708252529
0.505050505051 -0.183090712385
0.515151515152 0.0997579510086
0.525252525253 -0.135364676672
0.535353535354 -0.0436058181708
0.545454545455 -0.0408680331429
0.555555555556 -0.405324811081
0.565656565657 -0.244307767983
0.575757575758 -0.680339541475
0.585858585859 -0.644435472064
0.59595959596 -0.492697693803
0.606060606061 -0.839875584092
0.616161616162 -0.647804221519
0.626262626263 -0.59970480075
0.636363636364 -0.770387163262
0.646464646465 -0.388237951425
0.656565656566 -1.07478104366
0.666666666667 -1.08452940893
0.676767676768 -1.12490656734
0.686868686869 -0.958837111554
0.69696969697 -0.920422050436
0.707070707071 -0.769820654354
0.717171717172 -1.04472617987
0.727272727273 -1.01361829227
0.737373737374 -1.18545590844
0.747474747475 -1.22970716248
0.757575757576 -1.10541297153
0.767676767677 -0.585800050083
0.777777777778 -1.09292384881
0.787878787879 -1.45738632783
0.79797979798 -0.853949608644
0.808080808081 -0.713306576151
0.818181818182 -0.924148559023
0.828282828283 -0.995727570739
0.838383838384 -0.891379017021
0.848484848485 -0.663122076553
0.858585858586 -0.726379636563
0.868686868687 -0.838001446524
0.878787878788 -0.498720330307
0.888888888889 -0.638025763183
0.89898989899 -0.235082750952
0.909090909091 -0.664380105765
0.919191919192 -0.152808233985
0.929292929293 -0.365977015623
0.939393939394 -0.660331501614
0.949494949495 -0.601955887471
0.959595959596 -0.0948675320019
0.969696969697 0.0789499530074
0.979797979798 0.300229290339
0.989898989899 0.0380275872821
1.0 0.1810702142
