-2.1857423646 -0.925435265773
-0.830494539595 0.77149652865
-1.90288133987 -0.994088234787
-0.679194394955 -1.11147160438
0.663137161973 -1.65097535664
-1.31276113975 -0.0686557847442
-0.901437764936 -0.0102580460279
0.0668369168018 -0.440441983983
0.101008333737 0.525724598323
-0.620976472954 0.459986197154
-0.375724454377 -2.24401534528
-1.40018748305 -1.39388301162
-0.669472859657 -2.36382233019
0.572387999093 -1.06792696729
0.534156391253 -1.00449263408
1.39965066865 -0.298711013672
-2.4953217292 -0.930766054721
-0.65236352599 -0.692498086431
-0.699350307943 0.401234478244
1.13615056532 -1.81004974043
-1.70469545775 -1.38161435376
-1.15685462294 -0.491043286124
-1.77339668918 -0.3663488915
-0.0458674864444 -3.05009314113
-0.364466147765 -1.09235284075
-0.727543991916 0.506541112159
-0.183986120814 -1.35446312639
-0.392454955661 -0.596335355075
-1.02705578493 -1.47460073076
0.272782945667 -3.14987949426
0.209759358202 -3.09695055802
-2.16951930153 -2.24686288155
-0.483284024371 0.311773727769
-2.31314331137 -1.83520599128
-0.996096218546 -0.700848575672
-0.911773848848 -1.3144111455
-1.17203220259 -1.38891566398
-0.144327962837 -2.17936209901
-0.548261737425 -1.97380261691
-0.93717265427 -1.71583033668
-0.793422716649 -1.79924790557
-1.62355402751 -0.534600278755
-0.885190172833 0.661990830409
0.285462761498 -1.24914970733
-2.508783666 -1.01841436111
0.0416295064594 -2.25850867811
-1.42343444943 -1.17946769317
-3.47676715762 -1.48499034566
-1.12625741542 -0.669836589055
-1.0690127048 -0.275206266656
-2.04418933588 -0.399738861807
-1.72835596351 -0.924851037723
-1.06689403014 -3.14823376259
-2.08646032003 -2.46539236341
-0.361117339707 -1.30803680013
-3.8897895623 0.621595385649
-0.43534071507 -3.26197554164
0.313409687931 -1.4175833358
-0.606650944171 -0.142483770856
-2.76143364587 0.350672236856
-2.93199326907 1.5272882657
-2.37493647156 -0.131390811538
-1.84466918881 -1.03018288204
-0.999323842742 -0.331208029388
-1.47424313274 -2.0371730701
-0.318414710663 0.441019093259
0.314033575697 -1.46727958095
-2.06473402647 -1.41174531431
0.80152815747 -0.128319124511
-0.807396113437 -0.840592186634
1.63585555173 -0.704738734306
-1.18261881517 -3.1064391926
-0.625390368319 -0.841282119284
-1.05612450094 -2.45284404678
-0.717124236729 -1.5045478607
-0.0465955975864 -0.519507606874
-1.02228489642 0.265948569739
-3.75451205411 -1.03222473842
-1.49244709051 -2.03881992993
-1.56153013911 -2.02286730819
-1.83954438599 -2.02154309032
-1.10873033992 -2.21009635087
-1.83889249089 -2.38876470547
-0.373155117212 -0.931341540767
-0.354968667944 -1.71716596115
-1.69567393295 -0.818015450096
0.77910592379 -2.98606484445
-0.233014180792 -2.80572190632
-0.966336162273 -2.35596220784
0.0126448616145 -1.19170365531
-1.74519740674 -0.948338961712
-0.344346356809 -2.76164617982
-1.76494519527 -0.579402884003
-1.30562054143 0.768061772213
0.0621494845141 -3.05648104048
-0.384255585965 -1.85777674763
-1.14381437754 -1.82249696604
-0.146991305123 -0.934588666191
-1.46380606064 -1.40246253823
-1.31279272725 -1.85153010629
-0.427621183703 -1.64115397307
-1.54965752449 -1.94993631482
-2.5418987 -1.2823301602
0.118384904836 -0.487659431629
-0.5817548935 -0.0670386326306
-1.67089188447 -0.0270758522373
-0.54955027044 -1.86033559906
-1.13822721739 -0.556733479832
0.178011394324 -0.0145481398149
-1.20245370359 -0.835703721755
-2.15024618943 -2.80580216598
0.0742667706419 -1.77955495859
-0.397805560124 -0.878130767894
-0.218643012663 -0.256397612942
-1.11617235325 -0.29391476316
-2.06335254055 -1.03060470891
-0.752225784903 -2.42387974456
-0.849678027301 -1.25520011959
-1.85396084022 -0.511045219121
-0.236915993096 -1.9878060963
-1.25243760545 -0.366408102622
-0.580248173265 -1.31173463195
-2.8964162112 -0.729414328478
-0.588840034871 -0.112326273374
-1.37628415249 -2.06648357545
-1.5133135506 -0.778956464895
-2.35936566908 0.563768499362
-1.79336921328 -1.74828947775
-2.64546909947 -0.699669484345
0.236127016207 -1.48727534814
-1.73222759937 -0.835570231911
-1.51826143171 -2.6411906956
-1.14807099184 -0.690384614163
-0.644056075467 -1.64247113334
-1.05109256319 -0.50753204758
-2.14024805519 -2.63946707606
-1.70223760815 0.987361750691
-2.04281324191 0.9012820573
0.788232095387 0.305617961717
-2.02217367149 0.0681769969346
-0.761535738352 1.23493783629
-1.44861618239 -1.48074156625
0.124443649273 -1.21108628814
-1.19864302736 -1.97656468453
-0.511869584753 -1.21817460886
0.585813334503 -2.40121718082
0.678229947127 -1.27261881357
-1.96892386286 -1.25924515645
0.254758551824 -0.347691232042
-0.367150829107 -1.67120159323
-0.851629428363 -1.8821752203
-1.99326495264 -1.52870229326
-0.951426358501 -2.75363189807
-1.0591501545 0.64691055773
-2.53932628212 -1.09471081463
-1.42759018566 -1.8615738664
-1.51507517074 -3.04615016205
-0.137505520805 -3.16285531813
-1.60827653302 -1.46400430482
-3.45811258605 -0.449635030117
-1.06413802234 -2.78752666086
-0.577751645046 -0.435970992355
-1.78635113749 -1.46457565156
-1.34990090686 -0.464672917294
-0.0197191689825 0.297101858756
-0.596507005773 -1.57044676126
0.296816806205 0.798645216613
-1.48451472672 -1.87360776496
-0.905026016753 -2.38403370116
-2.8389936284 0.152388733132
-0.223807724102 -0.62429002474
-0.934663849215 -2.16646537569
-0.686906348199 -0.579189121257
-2.64775929825 -0.175688979609
0.311810886748 -1.14504819366
-0.724161034854 -0.521001253716
0.29776702225 -1.78562347422
-1.37128955288 1.15623899672
-1.71602849964 -1.34368377317
-2.04528258796 -0.841545496715
-0.40781707466 -1.18828678826
-1.12720440226 -2.48474085
-0.126571111594 -1.9294860117
-2.33851614391 -1.09337703005
-1.67674248422 -2.50714599872
-2.1271759233 -0.915087111554
-1.04069232924 0.911652234527
0.557982907803 -1.65074774864
-1.61098893623 -0.713086097948
-1.83540064225 -0.227716004864
-1.0998952522 -1.61262494201
-0.567649323558 -0.946423587052
0.30538336238 -1.91464009358
-0.679360112595 0.114069815272
0.437022014414 -0.242719601106
0.371666680377 -1.13956521466
-1.58462796009 1.82756449415
-0.199322376461 -1.78826501975
-1.33169553016 1.11156733043
-1.00250652321 -1.00371510964
-0.546879356414 0.571517657806
-0.344486265617 0.345409002603
-0.0676241224053 -2.61370576392
-0.489918556774 -2.05481253075
-1.11688762709 -2.28949212772
-1.19052812472 -1.11489659844
-0.763270301564 -1.42971813454
-3.20798401094 -1.04627638605
-1.96936987728 -0.957974109187
0.405323641747 -0.0609979034475
-3.33498382977 -4.59509634871
-0.491825382674 1.68200370395
-0.034209720919 -2.03947551072
0.0431584622417 -0.282404431374
0.269702795745 -2.72207292279
-2.21591630798 -1.11900115164
-1.38856959991 -1.63854966372
-0.171850520636 0.362106655659
-1.05125975786 -0.469838529739
-1.03823586092 -0.490048705583
-0.516034522602 0.230099463411
-1.31553986665 -2.19494133116
-1.59958884382 -2.73532853939
-0.553750271944 -2.82248523492
0.0033079391979 -0.625342757892
-0.7106133828 -1.72549599216
-1.64780045477 -0.0215869898677
-0.905128323625 -0.0921500693197
-1.41622633674 -1.54829718223
-0.214170616034 -0.0314676814648
0.778027171254 -2.02996816796
-0.437913744179 -1.81333733823
-4.37973837504 -0.838676839669
-1.62994473691 0.2783118565
-3.0448093396 -1.70018402665
-1.37714759048 -1.86131518664
-2.18236728046 0.217393980557
-2.10148334454 -1.11879589384
-0.959464265008 -1.6639003376
-0.0521203418087 -2.69937774533
-0.784602389186 -0.619428192051
-0.99748806647 0.468868284544
-3.62182684021 0.504908545054
-0.71048190368 -0.0961081842838
0.0522146102545 -0.539667200822
-1.39097538304 -0.227231097664
-0.393906320963 -1.37454108085
-1.11529238426 -1.30352195958
-2.28984495762 -0.682309034568
-0.511244626858 -2.08445005569
-1.60377265118 -1.69577079173
-0.92987380686 -1.41831124663
-0.0687443003812 -0.947940472479
-2.68474790654 0.15384744404
-1.8280800096 -1.49988633133
-1.65077918317 -0.533310671176
-2.04949450929 0.109615258473
-0.571241449623 -0.94068878698
-2.44613446626 0.14106948464
-0.987576229041 -1.23964492752
-1.95032376349 -1.5476631498
-0.817126649617 -1.95371539125
-0.955268448025 -0.706339895546
-1.92242015323 -1.12557899878
-0.306120707281 -0.591947965283
-0.486181410537 0.636320031622
-3.21454080674 -1.78884266924
-0.955742098479 -1.61263509375
-1.1442656725 -0.639031440082
0.601800986559 -0.990413690036
0.0414906673514 -2.15908200345
-1.68066226242 -1.31944526873
-1.7575320814 -0.960428427199
-3.11350974525 -1.61972136993
-0.586175442622 -2.10057133868
-2.19144609554 -0.0907971910614
-1.24671628236 1.3996953289
-2.38864068783 -1.47291249173
1.63805868377 0.727811811085
-1.64563672765 -2.21687776841
-0.848970523043 -2.95698269292
-1.80211233263 -1.31578465065
-3.22022068013 -0.364200254259
-0.875674430734 -0.828605566814
-0.95039877441 0.31910062924
-2.70107521888 0.50255271822
-2.68752082935 1.72094830895
-0.826745515121 -0.0102447055376
-1.55919601092 -2.11409985017
-0.143199298576 -3.42788089803
0.935541679991 -0.333976595526
0.454924535845 -0.3323402872
-0.0227109890139 -2.73970625151
0.455371436145 0.197842611514
-1.8543228073 -2.38853185457
-1.22802142058 -1.59930006336
-2.48080561766 -2.4611690306
-0.388533260233 -0.389340847079
-1.00573078777 0.426080503289
0.442165725818 -1.76087573299
-2.98035158865 -1.50905950416
-1.59479573904 -2.15253221609
-1.0688252017 -1.72364306037
-1.99823309764 -1.06600325826
-0.90437326943 -0.808611370983
-0.748115739474 0.0220043207453
-1.2691418168 -2.0179257511
1.76708052186 -0.916078812558
-1.15694136856 -2.23785214509
-2.89145401482 0.478904144971
-0.25896201222 -1.19841298852
-1.47658927377 0.333984623731
1.25240803316 -1.00961202462
-0.311807172271 -1.31458697338
-0.943489251844 -1.4740677741
-1.59838301383 0.476848937128
-1.16620587066 -1.36613998455
-1.924695792 -1.24047287761
-0.743522179468 -1.65325273533
-1.0708921191 -0.372899247589
-1.91827114792 -1.83242344581
-0.978118034982 -1.96023859313
-0.433070027695 -0.642001724829
-2.40793521763 -1.40492272533
-2.32646552005 -0.233632565127
0.604031636241 -2.51943854239
-1.63773545703 -0.872022863013
0.233900712703 -3.11310453312
-0.0330174486119 -0.680781553184
-2.91231341413 -1.10811840232
-2.24083343275 -1.79198533165
-0.617450826824 -2.40604488287
-2.85697616815 -1.68576419962
-1.85052170081 -0.261218945514
-1.29102825865 -0.716999320569
-0.292617144154 -2.26809303827
-0.99341968931 0.525023607821
-1.21433544681 0.885648099406
-0.842431178246 -0.670653314723
-1.47249524716 -1.0954931631
0.0879615824461 -0.753979130438
1.76181049978 -1.45720450256
-1.00461040134 -1.25690832137
-1.41293792865 0.151545597091
-1.62642000248 -0.214704692451
-0.912437233565 -1.3262800797
-2.40860275596 -0.373956432266
-1.01967949362 -1.30923576818
0.0795215462589 -2.01101591138
-0.644890939016 -0.52171001999
-1.51728456879 -1.84195925789
-0.273589355262 -2.13160775202
-0.151085090003 -0.922169821753
-1.73842936991 -2.47214425533
-1.75822766365 -0.766350253868
0.174739878446 -1.44196640289
-2.52682879651 -1.63414125151
-2.17500984545 -1.5138768346
-1.6741099785 0.292810071591
-0.227146379034 -1.66899840209
-0.766423740889 0.863004378385
0.0983784515035 -2.09429459683
-0.78113354108 -0.546881125948
-0.597966001338 -2.22288696084
-1.08732920996 -1.93230583347
-0.343206763322 1.07685525093
-0.61060455056 -0.0559218053338
-1.15286250502 0.496363604278
-2.24951275847 0.165509045293
1.62673688872 -1.77578275891
0.0360342716681 -1.88456078179
-0.806829992126 -1.37075523495
-0.735052372072 -1.87947544525
0.0804823086261 -2.0251863731
-0.544880349788 -1.70015678864
-1.71636109525 -1.36163615473
-1.2832089582 -0.297885278955
-0.233895318448 -0.301781145065
-1.00690885092 -0.799459102978
-0.685608057009 0.81522323339
-1.98640154547 -1.64495295199
-0.747766517134 -2.26300435115
-1.6998873387 -1.89329718852
-1.01223268235 -1.27947919412
-2.43790931607 -1.31113087768
0.104475925386 -2.60489608564
0.855837672857 -0.587372224997
-0.919767348473 0.346066555587
0.205737676502 -1.7157681709
0.100614108997 -0.223792431312
-0.101594402614 -2.90822354324
-0.720423352451 -0.792030290804
-0.144121830726 -1.53244909939
-0.726907951893 -2.17319658871
-1.88941949124 -1.85023541936
-1.78671861434 -0.703132200669
-0.486163211524 -1.33291338954
-1.16664168652 -1.55393554016
-2.24911933919 -1.74225180992
-1.58884841151 -1.5310911446
-1.65057776162 -0.0712412159696
-0.330328456465 -0.346887664813
-0.889896322419 -2.00069437443
-1.06142653086 0.0332011259586
1.07718151251 -2.89245023142
0.13402979394 -0.526750099693
-0.339950754741 -0.316312879765
-0.73708674648 -1.55383228426
-0.480407976386 0.422665290877
-1.18689167931 -1.46827730156
-1.2186560922 -0.191827299443
-0.57331669331 -2.33807033233
-1.26995491144 -0.24849312363
-1.11103812801 -0.681220893065
-0.687602010587 -2.32119602182
-1.74957235768 -0.625538083108
-2.32316417902 -0.422500606476
-1.96220855114 -0.838137719067
-0.449409489478 0.0885764087699
-3.11144517887 -1.91701750635
-1.04693523109 -3.37104639209
-0.342192542413 -1.17576751389
-1.12966003765 -0.424364521848
-2.37695940362 -1.51566678354
-1.21861510256 -1.26836937707
-0.52265359887 -1.60899450391
-3.1024648553 -1.13944577907
0.165900444256 -1.20248625343
-1.94188885511 -0.658403620526
-1.93364361392 0.202322463511
-2.33124875767 0.583669271953
-0.691330108255 -0.0889181022581
-2.85966548808 -1.85827981587
0.564118788758 -0.874317424794
-1.56897422477 -0.138833555296
0.191577075525 0.344526763165
-0.145087719265 -0.0159666473541
-2.47339114562 -1.12282296824
-1.88814647402 -1.05045746711
-2.65396872241 -0.53902631361
-2.55952594433 -1.77482303398
-0.608745384352 -1.72597504079
-1.19759894472 -0.649968188413
-1.88428818302 -1.79962592328
-1.61021427993 -2.02271389419
-1.04067023075 -1.93717351929
-0.617804411643 -0.33438799172
-1.77183206219 -1.94393177984
-0.0294870024296 -1.13384086351
-1.73924688341 -2.0822238
-0.803891526096 -1.20300967861
-0.412414992059 -1.45584851275
-0.890572979293 -1.82249869029
-1.20410640031 -1.2679736384
-1.75598928442 0.0508605799846
-0.139407900181 -1.98261807414
-1.52699374198 -1.37485383405
-0.725461646476 -0.413963550909
-1.82544236198 -1.19927552019
-1.72222335336 -1.20450869453
-1.74772093075 -1.04293868028
-1.46287998791 -2.48886428097
-0.108863165007 0.29724120742
-0.759403895678 -1.44976197986
-0.0818577716597 -0.599470554691
-0.232775473775 -0.535046679759
-2.91644146586 -1.25041603857
-0.825270863794 -1.25735760368
-0.905906015345 -1.46839033866
-0.685517991961 -0.564283386938
-0.734745554735 -1.01000534996
-0.369454175527 -1.71469517828
-3.4266897664 0.245398431412
0.221266763091 -0.471785058117
-1.07671055028 -0.703192210387
-0.783936221733 -0.949558411976
-1.47822277264 0.0633112599362
-1.05082101901 -2.58301194634
-1.13832369708 -1.58939640571
1.07517308635 -1.08547267492
-1.99048251314 -1.91581821683
-0.500853284795 0.464534699284
-1.7208408208 -1.23365717915
-1.00025914975 -0.36035076668
-1.5135486353 -0.0341396736669
-1.02923199161 -1.82165896999
-1.5711582079 -1.94456926506
0.764084596882 -3.67726525353
0.478778668095 -1.26708080655
-0.524086403325 0.381094287912
-0.631042167419 -1.80319350304
-0.274834695407 -1.51083318861
0.080635208203 0.371376957743
-1.18132314689 -1.29901629107
-2.0870224249 -1.7854124104
-1.55463554173 -1.63128583944
-0.389401218041 0.36232823621
1.56974005085 -2.2994123227
-2.98728522388 -1.46451238463
-1.47666094877 -1.34119783785
-0.145375072809 0.0826244064075
-0.0779116748189 -0.403880258518
-1.63388659388 1.65266702776
-1.01809413015 -0.191808176441
-0.644362363305 -0.107896968229
-0.487916315634 -2.88292147967
-0.995346264023 -1.04186721811
-1.64863602888 -1.9306586134
0.482429911235 -2.47543615013
-0.172556114247 -1.20724765103
-2.52931809734 0.168616580113
-2.28198391002 -2.19553083833
1.64139984153 -1.31365924992
-1.21119452256 -1.58213106135
-0.527845540946 -1.67707987733
-2.04832971961 1.03697483991
-0.437312019422 1.56706364336
-3.03270357091 -0.974587269084
-0.838661971255 -2.16042761198
-0.428703796726 -1.53696517156
-0.364214093198 -1.72284112602
-1.84817015888 -1.33133240078
-1.52667916705 -0.91362151989
-1.50341702602 -1.32375203775
0.973442362886 -3.42989684273
-0.91280877488 -0.531360322702
-0.0857501548639 -0.634796255975
-1.39575398569 -1.91346084446
-1.23325972415 -2.61049473641
0.214530527299 -1.93681785182
0.419053217467 1.29396729603
0.088734487873 -2.50888929333
-2.51476229554 -0.401785090494
-3.05819486808 0.462457031169
0.501983807244 -0.796775259615
-1.87111350422 -1.26436115233
-0.744990019948 -1.11057145899
0.542588094864 -1.58891207707
-0.314497612499 -1.56247182014
-2.56347877179 -2.48046567988
-2.61978859184 -1.2395647174
-1.04526155493 0.677540727861
-2.27405634569 -0.527522408853
-0.857812996355 -0.942061221184
-0.737923457981 -1.45075054843
1.70085518228 -0.972068395112
-0.0156312911638 -1.58735231097
-1.11692737111 0.331915991729
-0.708874159154 -0.907085608403
-1.86974814151 -0.114134143364
-1.10330952213 0.584476868417
-1.91212064183 0.238589978698
0.237323824015 -0.30316858457
0.0271960435064 -0.474527778536
-1.40669991285 0.423380012303
-1.54550217181 -0.116441565997
1.13199547201 -0.524560146809
-0.0231606677297 -0.827897103513
-0.173499228223 -1.24667215925
-0.964860617492 -1.30032609087
-2.12708874171 0.532826518373
-1.48440918089 -2.2649980642
-0.886196562393 -0.331395538037
0.536127819288 0.29988409429
-0.348540860579 -1.48985872754
-1.90639058148 -0.564766921992
-2.00790589725 -1.81491249619
-1.9715213593 -0.646259592636
-1.06933722531 -0.972479241274
-0.551609325779 -2.85222763613
-1.34705476778 -2.30239813234
-1.59965151621 -4.2463390907
-1.84877770826 -1.29347411076
-2.57227410247 -1.38109619067
0.693074201844 -1.00564562222
-0.775515236402 -1.54154832404
-1.45848249469 0.349674942585
-2.66954385441 -0.402451526229
-1.43322439355 -2.26673746153
0.276327861798 -1.36004932879
-1.81435108565 -1.26923683404
-0.797432638061 -0.440056162888
-1.64702006832 0.0644409615834
-1.18940690348 -0.796430557648
0.389270140268 -0.626114074389
-2.16747867944 -3.82270350584
-1.51941322638 -1.22504449244
-1.96424880682 -1.28308369583
-1.74791515545 -5.25580968274
0.00865055603212 -0.0287045130369
-0.70800846466 -2.44647223331
-2.40257080218 -0.250482406204
-2.83205560332 -1.78143558945
-0.976221730307 -2.76343858586
1.14492860735 -0.594787551587
-1.13977103116 -1.63177292915
-0.291781308507 -2.32320225597
-1.51002589838 0.54989624873
-0.43169929986 -1.89218943533
-1.52723454948 -2.05795243763
0.999122745228 0.618767931049
-0.778330501249 2.93893321342
-0.833544051818 1.19563005903
-0.721325197519 1.33708915703
1.44680110866 1.09878160816
0.143167141152 1.40453445365
0.773874541492 1.09155056585
1.4750452075 1.63824565981
3.00460824561 2.33941224947
0.965005190957 1.15218353062
1.48924177684 1.03676829458
0.604253722615 1.38388996872
-0.259723202416 0.00532219253228
-0.754451314516 -0.473216306575
2.80007041102 2.76575624947
1.21701733294 1.88683600699
1.50713077907 -0.25824790554
-0.0708042764142 1.19479808856
0.687618712544 1.14207031308
1.68405825757 -1.11650486832
0.643739055482 0.95661189948
0.772721958633 1.12032751976
1.08072473454 -0.184657908453
2.06225063513 0.709625122845
1.22972594413 0.504914059592
1.00092279541 1.38171779788
1.24103254168 -0.371712730077
2.01192155368 1.87827737337
0.0600350549892 0.25712319571
1.74567796082 1.05147154612
0.70282554459 1.95930556583
3.61300518014 1.99059458973
0.552988039393 0.38737685293
-0.598565812334 1.40031004806
1.12682893769 -0.33478606678
0.952697283267 0.949554860003
1.11825695216 0.634218993193
2.43727674019 1.31173973188
1.84439179163 1.78606094108
1.75577593627 1.31015699386
1.63874677697 3.08465270893
1.45000046917 0.766580247053
0.848031888349 -0.0671128439442
1.34101455227 -0.156677617972
1.88093559758 -0.302269630696
-0.517063233677 2.42901272961
0.759976241129 1.11202721465
1.84074668756 1.04758829852
1.11192674862 0.44345478802
0.614678726198 1.49969420651
0.665560387788 1.64388874224
-0.00972284901426 0.801570100775
1.38900518073 -0.861270648928
1.20916515906 1.15141435346
-0.828759502098 1.49949187811
1.75213436971 -0.2420927047
1.40498315788 -0.566303769323
2.78053399303 0.662119935743
0.360310174624 1.80255985915
2.1488233661 2.32127603125
1.33538016349 1.54574646506
0.238578767272 1.63753351341
2.03406375 2.0915060338
2.09212016673 1.91650003702
1.13534440875 0.285577665523
0.128049979367 1.24603459615
1.42454949269 0.121865083563
-1.51417351875 3.28695228163
0.220301701714 1.98216183797
0.634148249888 3.32444777494
0.743696749493 -0.163125780825
2.22126499297 0.243977275162
0.607659276099 1.4646086037
1.83162022513 0.426696561222
0.331255196741 -0.0494930003091
-0.0972026185771 1.80590222263
1.93089939686 1.16868239585
1.41313378136 2.88494287261
1.77868164512 -0.0409454100609
1.56318083767 0.588569835119
1.40681750283 -0.499812556625
-0.294082515578 1.14765081417
0.511391044476 1.35632848634
1.94299467654 0.0460333966304
2.29349624215 0.989991874239
0.84993355166 -1.23248139434
0.736015721078 0.112788742757
-0.637291729164 2.07381374125
1.29962818887 0.568152246399
0.253337591997 1.47486154893
1.43021962793 1.51760466766
0.323815533813 0.801208230767
0.764256475936 2.06295078688
-0.989954122098 0.189444740026
-0.529959477542 2.51242246676
0.105355092322 1.68809731517
0.146382612597 0.191607212365
1.1353395494 0.0493353601044
1.09358552088 0.00391196045611
0.660456043346 1.33937803104
0.70573096521 0.143368051679
0.299027452137 0.368529636562
2.00200062281 0.206285485244
-0.893999685478 2.33608769449
1.76671225192 1.63594666786
1.90786081303 2.64857685269
2.57498281097 0.961335535427
1.47721863637 -0.0708983495741
0.864883111918 1.74290862871
0.0974520580831 0.548765026639
0.760109761057 1.70466497591
0.813613487961 1.50113605455
0.869904033425 2.03031529991
1.70111952386 -0.466248641295
-0.581418664991 -0.442727680447
1.12768237813 0.911959725993
1.57597972589 1.48288750253
0.44130315263 0.801451486703
0.123901183223 0.980610324885
1.36697196438 1.43454829093
-0.877208085256 1.89566457008
0.887527527345 0.920260333439
1.93369460657 3.55233782063
1.01621012349 -0.676853153154
-2.40816316553 2.76024187185
0.591620841194 0.207360959831
1.03179130778 -0.116156204541
0.199910424193 2.07532852169
3.34485406253 1.35750832439
2.89331322103 1.13263272931
0.217199851921 1.10748091869
1.79571542557 0.431638736518
1.64619966961 -0.684060207209
2.73343906293 0.882018104772
2.83491417393 1.55636850127
2.60336357164 2.81117418971
-0.945309522265 0.778747728499
1.74428207536 1.76255490318
-0.616469852455 1.4822797466
0.38733665179 0.794720005118
-0.503898865429 1.32795875084
1.71474599806 0.536190876429
-1.61554928143 -0.00881117488693
1.00709120781 2.20581631163
0.426260003575 2.56219173757
0.0228305580376 0.139148179797
-0.00839165451653 -0.050898025806
1.0169940369 -0.446046958656
0.551122986442 1.77591525892
1.6843132025 1.53597041757
-0.217768248741 0.334775440062
0.573672626988 2.90013985804
0.773324792692 1.66191214044
0.0954184244007 2.04624858624
2.15090929396 0.801608638322
1.84173345199 1.6474850043
2.93035645518 0.458208247497
1.3216995069 2.18197863609
-0.126931528225 1.91321284704
1.48724043034 2.22864706263
1.12188753957 0.567659482189
0.943928458667 0.0677515609945
0.687873417602 3.07951641496
0.0163387117015 0.85307431765
1.40527203232 2.12312764699
-0.00659310189705 1.70530017952
-0.267035907327 0.339840111504
3.04556511871 0.984123656383
0.879534646128 1.9573271777
0.820464429088 2.3446034146
1.32788143772 0.742545216683
-1.01428150995 2.3938688638
1.74792165567 -0.535369040662
1.99013240093 2.08937070441
-0.260459830423 -0.037502745032
1.61818082468 0.878516842099
0.282624758741 2.53297899267
1.27576104622 1.15789099186
1.64996692586 1.49409803393
1.10586448606 -0.379825601216
1.35131244375 1.15022374854
-0.380807654638 0.582100113283
0.686577973486 1.23285763155
0.0162952494286 0.389760630879
0.696353234563 1.04762952588
0.0655245860381 1.68275390892
1.56310735097 1.81568015868
-0.082003616944 -0.16663877028
-1.01514041894 -0.376396857171
2.1339348062 -0.0370875862553
1.71759791159 0.681033399852
0.884066156603 0.428636846862
1.62082248108 1.63204057741
0.351978552161 0.980002185238
0.0778023594285 2.97322703535
1.17354073817 1.876640513
1.63199299864 0.0977080091099
0.418471502043 0.919567098311
-1.13275100974 -0.582414852341
1.31506968532 0.796743157575
1.87855726569 0.632498722528
0.683919221077 1.93516489844
2.70922029137 1.12382618135
0.529995061896 2.63258020304
1.11741788739 1.33559185249
3.92048336665 1.39813377357
1.89982320792 2.43195412474
0.0396070446147 1.00828277496
1.29406451142 2.03486472028
2.99511231941 2.14806777769
0.397400543639 1.43040966898
0.843532207115 1.73346288469
2.17404169217 1.33986818684
1.40170894007 1.17326510711
0.823517792283 0.56478539591
1.59412600339 0.200552745874
0.622374187303 1.99553684193
1.76946185504 1.64014160762
0.0467835447516 1.95340602022
1.73197178054 -0.171882594735
2.16700634465 0.643404527777
2.40777023515 0.564556683289
0.297946632508 1.22156261555
2.15108149873 0.131004916643
2.67564607374 1.86942634802
0.15971525033 2.44684662502
1.21814810053 1.50882362003
1.65913180628 1.4122273545
1.59237536776 0.625798126816
-0.165145353512 -0.896830622143
0.867762766327 1.89218250076
0.752876841993 0.713275675797
1.2237647131 1.14778248466
1.45105053031 0.817939669998
-0.873780455568 0.820853354767
1.66925082231 -0.356498675723
-0.364669081775 2.39307618042
0.512429823545 2.52622840753
0.20882489983 1.20364896659
-0.521422502409 2.35328250649
1.22929264897 1.4627038341
0.610814645222 0.156403627271
0.129344963097 1.62603597481
1.9190080083 3.18623339033
-0.506639291889 0.812107970883
-0.126658724092 0.203904561896
-0.277881556333 1.19552248502
-0.131908603899 0.952407096402
1.01955370529 0.801251416481
1.2171528045 -0.681634516025
0.630809319742 0.491073026448
0.424473606192 -0.391333935073
1.72044120307 0.120685885421
1.12345069155 0.509746918749
0.730584498505 1.30639848245
0.6933361531 0.813999496963
1.08319548093 0.349020588674
2.28535829402 1.34557500817
1.83020020585 1.10464705434
0.0438350760863 -1.07599043835
1.40786577465 1.65620631519
0.439371157748 -1.3138715863
1.35331726609 -1.16794371793
2.97014175516 0.43293464104
1.08391334322 1.1721504225
0.176452074849 0.261940905069
-0.342029123573 0.563649001404
1.34384104382 1.0560856919
1.47298916472 0.684634861385
0.800144134053 1.15190727018
0.419523333388 0.120697794733
2.91781355918 0.278440327889
1.6300449862 1.57662696738
2.23882128648 0.0844555194178
0.993858221525 0.326421023558
-0.533642589777 1.62297014069
-0.778875358767 0.996461193448
0.470527392668 1.69794778991
-0.115542322291 1.70017975321
1.26978916505 1.74025813821
0.662367112926 -0.139602063051
0.684115185823 -0.373449568988
3.73311235922 1.47391580466
0.898124552328 1.73288496832
1.16249086557 -0.134992958171
-1.1564913237 -0.260125352908
0.339045611661 0.832728756728
1.12933088444 1.95736395876
-0.889779184439 -0.592219283164
0.0260859197498 -0.775874371953
1.04965246124 -0.911993371281
1.37127969024 2.58650880327
0.869886441551 1.7477793177
1.86454292304 1.29296888267
2.57823071606 0.948721548971
-0.476546396316 0.451513287973
0.780469908501 0.68912118589
1.43310341018 1.24738927993
2.17434158795 2.04205810605
2.14849780898 0.253585324097
-0.822831055351 0.864575155208
1.7193132199 1.41291742211
0.99223467629 1.3665979844
1.444542178 1.44075548718
-0.44357998074 0.1471049784
0.386140973576 2.18497181684
0.911786560184 0.252353477763
1.03550161532 0.385439591734
-0.0641586611763 2.08958861286
0.903676965375 0.110854571971
2.00109663862 1.37054754939
0.696080471877 0.50674983813
2.52168157105 0.205949808825
-0.0338178783708 2.00538185228
-0.36569855473 4.28639322902
1.52813274803 0.994975087939
0.0994963927451 1.07002147164
2.16842587759 2.01935892099
0.127127906318 0.627150613905
1.77529763586 0.6998417047
1.50518169697 1.16607749096
1.93644588456 -1.61508620007
2.70458194071 2.09143149345
-0.216051269281 2.86015523621
0.0244665069044 0.827130163905
0.823560027236 1.62439510705
1.75751417146 2.11796818739
-1.58123729817 -0.479935839234
-1.68027797422 1.13042049592
0.654737605483 0.193831372781
1.72378353535 0.701928190938
1.68850336769 0.307287147329
1.33500376942 0.622510711906
0.928781800686 1.3252121773
0.432305540712 1.58503773536
1.373894641 1.79160319596
1.11389447887 2.41827403345
0.10415024052 -0.177195575295
-0.5888718965 1.87433617201
0.583358755361 -0.214429237124
0.667099179684 1.86924072801
0.411311651394 -0.154632025775
1.30757902942 -1.23188815753
-0.00175986854834 0.328529791081
0.397371306303 0.833268555786
2.85825524618 0.122916450764
0.606741534338 1.41875154406
1.12029921044 1.38130133162
2.2731738091 0.0981598987611
0.60200908914 0.76368010394
1.94280716481 -0.229038768459
0.348656017486 1.17965272816
1.10068937643 0.944545899764
1.20556922524 0.993420236364
2.11914270683 0.719579982709
0.3259187348 1.3503226224
1.17841481853 1.56412708572
-0.605768858715 0.0375997118126
0.105793505391 1.95250551904
-0.386499614664 -0.354945438549
-0.631821460544 1.59670137314
0.22323747331 0.499429818599
0.544997380562 1.5571194686
1.35856419337 1.29442918776
-1.49720843932 -1.55206393748
-0.00877413918108 2.51644322533
0.26753907327 1.99449432876
3.10957354538 -0.682563418162
2.2973278066 1.83137569621
1.11049923966 1.74150904763
1.68911028367 2.71037136286
1.96373761079 2.73773283508
1.50459420509 1.04543962533
0.564363731244 2.68698043685
2.99739796966 0.161922895726
1.26370002777 1.39400994569
0.178915915399 2.3499465601
0.840556451321 1.67222545582
1.10189758475 0.990833589848
2.62903897918 1.8179633924
0.433665633426 2.58019658522
-0.626348695086 1.388702006
0.992745398481 0.957824339777
0.639836191842 -0.197782799265
0.854025778341 2.07274295585
0.847496784439 1.19585568668
2.10865891001 0.759885335485
1.72884756753 1.59876172024
2.01922946413 1.92136499659
1.01478376278 -0.376023454722
3.06862972997 1.52424629516
3.94262089919 -0.0815849744613
2.63310832635 0.872553341686
2.15203123288 0.380523976262
0.348029471272 2.04872233943
0.29790023492 0.650156540594
1.18248161009 0.838259422118
-0.500720202579 2.30399806857
2.63473443395 1.72477630628
1.11638479919 1.62640466148
